1242166138.000000 5802925.348574 13774558.753676 1.971787 0.0 0.0 0.0 0.0
1242166139.000000 5802925.344140 13774558.749553 1.973861 0.0 0.0 0.0 0.0
1242166140.000000 5802925.349724 13774558.745349 1.970081 0.0 0.0 0.0 0.0
1242166141.000000 5802925.346493 13774558.747790 1.983947 0.0 0.0 0.0 0.0
1242166142.000000 5802925.349550 13774558.751102 1.976127 0.0 0.0 0.0 0.0
1242166143.000000 5802925.346794 13774558.756025 1.976238 0.0 0.0 0.0 0.0
1242166144.000000 5802925.345237 13774558.753769 1.978491 0.0 0.0 0.0 0.0
1242166145.000000 5802925.342513 13774558.747605 1.981016 0.0 0.0 0.0 0.0
1242166146.000000 5802925.337433 13774558.752607 1.989215 0.0 0.0 0.0 0.0
1242166147.000000 5802925.347704 13774558.752166 1.979198 0.0 0.0 0.0 0.0
1242166148.000000 5802925.345409 13774558.752018 1.977844 0.0 0.0 0.0 0.0
1242166149.000000 5802925.348344 13774558.751846 1.976269 0.0 0.0 0.0 0.0
1242166150.000000 5802925.347431 13774558.750967 1.970255 0.0 0.0 0.0 0.0
1242166151.000000 5802925.349768 13774558.749813 1.976870 0.0 0.0 0.0 0.0
1242166152.000000 5802925.350278 13774558.757687 1.983274 0.0 0.0 0.0 0.0
1242166153.000000 5802925.346932 13774558.750144 1.985283 0.0 0.0 0.0 0.0
1242166154.000000 5802925.344404 13774558.749899 1.985240 0.0 0.0 0.0 0.0
1242166155.000000 5802925.341499 13774558.742892 1.992016 0.0 0.0 0.0 0.0
1242166156.000000 5802925.348307 13774558.745141 1.978473 0.0 0.0 0.0 0.0
1242166157.000000 5802925.350562 13774558.745008 1.972862 0.0 0.0 0.0 0.0
1242166158.000000 5802925.356013 13774558.750097 1.975097 0.0 0.0 0.0 0.0
1242166159.000000 5802925.345926 13774558.750034 1.977680 0.0 0.0 0.0 0.0
1242166160.000000 5802925.345581 13774558.745559 1.983634 0.0 0.0 0.0 0.0
1242166161.000000 5802925.345290 13774558.739434 1.979917 0.0 0.0 0.0 0.0
1242166162.000000 5802925.343563 13774558.749700 1.982691 0.0 0.0 0.0 0.0
1242166163.000000 5802925.342078 13774558.744087 1.982269 0.0 0.0 0.0 0.0
1242166164.000000 5802925.348967 13774558.747747 1.986303 0.0 0.0 0.0 0.0
1242166165.000000 5802925.343764 13774558.740508 1.990122 0.0 0.0 0.0 0.0
1242166138.000000 5802925.348574 13774558.753676 1.971787 0.0 0.0 0.0 0.0
1242166139.000000 5802925.344140 13774558.749553 1.973861 0.0 0.0 0.0 0.0
1242166140.000000 5802925.349724 13774558.745349 1.970081 0.0 0.0 0.0 0.0
1242166141.000000 5802925.346493 13774558.747790 1.983947 0.0 0.0 0.0 0.0
1242166142.000000 5802925.349550 13774558.751102 1.976127 0.0 0.0 0.0 0.0
1242166143.000000 5802925.346794 13774558.756025 1.976238 0.0 0.0 0.0 0.0
1242166144.000000 5802925.345237 13774558.753769 1.978491 0.0 0.0 0.0 0.0
1242166145.000000 5802925.342513 13774558.747605 1.981016 0.0 0.0 0.0 0.0
1242166146.000000 5802925.337433 13774558.752607 1.989215 0.0 0.0 0.0 0.0
1242166147.000000 5802925.347704 13774558.752166 1.979198 0.0 0.0 0.0 0.0
1242166148.000000 5802925.345409 13774558.752018 1.977844 0.0 0.0 0.0 0.0
1242166149.000000 5802925.348344 13774558.751846 1.976269 0.0 0.0 0.0 0.0
1242166150.000000 5802925.347431 13774558.750967 1.970255 0.0 0.0 0.0 0.0
1242166151.000000 5802925.349768 13774558.749813 1.976870 0.0 0.0 0.0 0.0
1242166152.000000 5802925.350278 13774558.757687 1.983274 0.0 0.0 0.0 0.0
1242166153.000000 5802925.346932 13774558.750144 1.985283 0.0 0.0 0.0 0.0
1242166154.000000 5802925.344404 13774558.749899 1.985240 0.0 0.0 0.0 0.0
1242166155.000000 5802925.341499 13774558.742892 1.992016 0.0 0.0 0.0 0.0
1242166156.000000 5802925.348307 13774558.745141 1.978473 0.0 0.0 0.0 0.0
1242166157.000000 5802925.350562 13774558.745008 1.972862 0.0 0.0 0.0 0.0
1242166158.000000 5802925.356013 13774558.750097 1.975097 0.0 0.0 0.0 0.0
1242166159.000000 5802925.345926 13774558.750034 1.977680 0.0 0.0 0.0 0.0
1242166160.000000 5802925.345581 13774558.745559 1.983634 0.0 0.0 0.0 0.0
1242166161.000000 5802925.345290 13774558.739434 1.979917 0.0 0.0 0.0 0.0
1242166162.000000 5802925.343563 13774558.749700 1.982691 0.0 0.0 0.0 0.0
1242166163.000000 5802925.342078 13774558.744087 1.982269 0.0 0.0 0.0 0.0
1242166164.000000 5802925.348967 13774558.747747 1.986303 0.0 0.0 0.0 0.0
1242166165.000000 5802925.343764 13774558.740508 1.990122 0.0 0.0 0.0 0.0
